> 2020 07 02 09 14 44.0000000  0 29
G02  24960463.358   131168128.898        3225.627          43.062    24960455.994   102208904.538        2513.478          40.062
G06  23188913.185   121858578.557        2558.605          47.062    23188911.138    94954742.235        1993.720          43.000
G12  24505833.982   128779006.803        1589.294          45.000    24505829.642   100347293.037        1238.411          45.375
G13  20726212.479   108916999.239       -1299.571          49.625    20726206.429    84870398.786       -1012.653          46.125
G15  21849197.502   114818366.704         398.380          49.625    21849191.555    89468814.586         310.426          49.625
G17  20543756.451   107958211.156       -1687.962          49.875    20543749.916    84123282.734       -1315.295          47.812
G19  20428282.994   107351404.578        -566.015          49.188    20428275.046    83650430.950        -441.050          49.250
G24  24003997.762   126141878.513        3102.557          44.000    24003994.097    98292360.636        2417.579          44.000
G28  22386167.572   117640121.663       -2147.504          48.062    22386160.834    91667640.374       -1673.379          40.500
G30  23166980.589   121743345.081       -2164.652          46.188    23166977.591    94864938.741       -1686.741          43.375
R01  22734153.558   121527077.261       -3282.314          44.562                                                                    22734155.625    94521047.018       -2552.909          38.000    22734155.648    94521069.021       -2552.910          36.875
R02  22244556.280   118701235.446        -575.240          49.562                                                                    22244557.093    92323170.690        -447.407          41.875    22244556.362    92323162.695        -447.406          41.938
R11  20938330.945   111888141.735         143.422          49.875                                                                    20938330.880    87024133.649         111.551          46.125    20938329.913    87024129.644         111.551          45.750
R12  21833953.542   116633093.753        1764.212          48.750                                                                    21833954.079    90714642.442        1372.165          44.125    21833953.190    90714626.445        1372.166          43.625
R21  20650415.600   110504604.958       -1656.312          49.188                                                                    20650414.884    85948040.349       -1288.242          46.750    20650414.087    85948020.343       -1288.242          46.188
E09  23195385.271   121892575.935       -1216.731          51.750    23195385.306    91023678.197        -908.548          50.375    23195382.832    93398198.182        -932.257          52.375    23195383.862    92210935.348        -920.410          48.938
E12  23738960.628   124749079.533        2569.176          50.188    23738957.875    93156771.477        1918.533          47.812    23738955.541    95586939.383        1968.639          50.188    23738956.035    94371852.587        1943.618          45.500
E31  24627355.966   129417647.062         -44.273          51.750    24627355.565    96643061.477         -33.098          50.625    24627353.673    99164171.462         -33.970          52.688    24627354.413    97903613.629         -33.536          49.625
E33  24986092.158   131302813.530         580.646          51.562    24986090.669    98050805.248         433.707          50.625    24986087.818   100608639.207         445.012          52.375    24986089.190    99329721.386         439.368          49.125
J02  33279615.163   174885565.368        -392.326          49.562    33279611.199   136274460.674        -305.708          50.375                                                                    33279612.573   130596361.551        -292.958          52.250
J07  36457126.169   191583490.326          -4.182          43.312    36457121.808   149285827.948          -3.259          49.625                                                                    36457123.584   143065589.950          -3.099          52.062
C01  36557650.164   190365275.824            .978          45.125                                                                    36557643.121   147202485.271           1.039          49.375
C03  36784090.525   191544414.716          -5.192          43.625                                                                    36784081.995   148114263.403          -3.957          48.625
C04  37132558.217   193358977.575           9.715          43.562                                                                    37132549.059   149517397.373           7.625          48.438
C06  36379346.394   189436802.731       -1133.054          42.625                                                                    36379337.830   146484521.424        -876.070          49.125
C07  36549576.064   190323249.870        -292.377          43.875                                                                    36549565.911   147169981.304        -225.940          49.125
C09  36371723.136   189397118.048        -464.391          42.625                                                                    36371716.908   146453843.491        -358.995          49.562
C16  36626926.054   190726016.460        -964.230          44.688                                                                    36626922.960   147481440.046        -745.477          49.125
C27  21757409.789   113296550.170         722.814          47.562
